Figure saved: ./plots_MLA_history/exp_hypre_history_Poisson_nmax100_nmin10_ntask30_nrun30_iter_bestanytime.pdf
GPTune_meanset = [1.9333333333333333, 1.4888888888888885, 1.0, 1.25, 1.3833333333333333, 1.1866666666666665, 1.0, 1.1166666666666667, 1.3476190476190475, 1.0, 1.3428571428571425, 1.0678787878787876, 1.150793650793651, 1.0, 1.3999999999999997, 1.006060606060606, 1.0266666666666666, 1.0, 1.4037037037037032, 1.0041666666666667, 1.3200000000000003, 1.0, 1.0, 1.1022727272727273, 1.0333333333333334, 1.1784338624338622, 1.0307936507936506, 1.1710714285714283, 1.0769230769230769, 1.1015384615384614]
OpenTuner_meanset = [1.9333333333333333, 1.0, 1.7500000000000002, 1.0, 1.0, 1.0, 1.1999999999999997, 1.1416666666666666, 1.0, 2.6349206349206344, 1.0, 1.0444444444444443, 1.0, 1.6666666666666672, 1.0, 1.1018518518518516, 3.0424242424242425, 3.0557575757575752, 1.0, 1.5412037037037039, 1.3999999999999997, 1.7005555555555556, 3.629166666666666, 1.0296296296296297, 1.0941176470588232, 1.069753086419753, 1.053763440860215, 1.1523809523809523, 1.051282051282051, 1.03]
HpBandster_meanset = [1.0333333333333334, 1.0, 1.0, 1.25, 1.7500000000000002, 1.3999999999999997, 1.3999999999999997, 1.0, 1.6952380952380948, 1.203174603174603, 1.4285714285714282, 1.199191919191919, 1.6126984126984125, 1.333333333333333, 1.1238095238095236, 1.1515151515151518, 1.4, 1.483232323232323, 1.7833333333333334, 1.3449735449735452, 1.0, 1.1149999999999998, 1.4069444444444443, 1.9416666666666667, 1.1621568627450976, 1.0106666666666666, 1.3853149001536098, 1.0625, 1.0, 1.0153846153846153]
maxrange = 3.75
Figure saved:,  ./plots_MLA_history/hist_exp_hypre_history_Poisson_nmax100_nmin10_ntask30_nrun30_bestanytime.pdf
