Figure saved: ./plots_MLA_history/exp_hypre_history_convdiff_nmax100_nmin10_ntask30_nrun10_iter_bestanytime.pdf
GPTune_meanset = [1.0, 1.04, 1.3, 1.0666666666666669, 1.6666666666666667, 1.0, 2.0, 1.0, 1.0999999999999999, 1.8, 1.0, 1.1714285714285713, 1.0833333333333335, 1.0444444444444443, 1.0, 1.075, 1.0, 1.0, 1.0, 1.0545454545454547, 1.0333333333333332, 1.15, 1.3699999999999997, 2.001960784313726, 1.1428571428571428, 1.0439534883720931, 1.4775324675324675, 1.4864516129032255, 1.5379310344827584, 1.3636363636363635]
OpenTuner_meanset = [1.2, 1.4000000000000001, 3.4, 1.0666666666666669, 1.0, 1.5, 1.5, 2.066666666666667, 1.0, 1.0, 1.6, 1.0307692307692307, 1.4656862745098038, 1.16, 3.1357142857142852, 1.0, 1.4470588235294115, 1.2285714285714286, 1.1641295546558703, 2.9427272727272724, 1.0, 2.755263157894737, 4.029999999999999, 1.1946078431372549, 1.0666666666666669, 1.907906976744186, 1.009090909090909, 1.0, 2.56551724137931, 1.2818181818181817]
HpBandster_meanset = [3.2, 1.6800000000000002, 1.0, 1.7142857142857142, 2.4666666666666672, 1.4, 1.0, 2.2333333333333334, 1.5400000000000003, 1.2, 1.8333333333333333, 1.0307692307692307, 1.1411764705882352, 1.8799999999999997, 1.9095238095238094, 1.825, 1.5672268907563025, 1.8428571428571427, 1.6436842105263156, 1.0799999999999996, 2.926900584795322, 1.263157894736842, 1.0, 1.0, 1.0642857142857143, 1.0699999999999998, 1.0485714285714285, 2.011935483870968, 1.0, 1.0]
maxrange = 4.25
Figure saved:,  ./plots_MLA_history/hist_exp_hypre_history_convdiff_nmax100_nmin10_ntask30_nrun10_bestanytime.pdf
