Figure saved: ./plots_MLA_history/exp_hypre_history_convdiff_nmax100_nmin10_ntask30_nrun20_iter_bestanytime.pdf
GPTune_meanset = [1.9, 1.65, 1.0, 1.525, 1.1904761904761905, 1.0, 1.0, 1.0, 1.0, 1.0, 1.0, 1.0599999999999998, 1.0, 1.0, 1.0, 1.0, 1.1333333333333333, 1.3454545454545452, 1.0909090909090906, 1.1691036414565825, 1.2476190476190474, 1.0058823529411764, 1.4767857142857141, 1.0, 1.0, 1.3507352941176471, 1.0, 1.0, 3.319642857142857, 1.0]
OpenTuner_meanset = [1.0, 1.0, 1.3333333333333335, 1.825, 1.7857142857142858, 1.2733333333333334, 1.3833333333333333, 2.0, 2.7428571428571424, 1.1428571428571428, 1.33, 1.5363636363636364, 1.7083333333333333, 1.4545454545454546, 7.797727272727272, 1.7714285714285716, 1.6226190476190474, 1.0, 1.0, 1.0158730158730158, 1.05, 2.6894736842105265, 1.0, 1.3888888888888888, 2.7727272727272725, 1.0, 1.3166666666666669, 1.0921888053467002, 1.0, 4.8966666666666665]
HpBandster_meanset = [1.9, 1.5, 1.1, 1.0, 1.25, 1.903333333333333, 1.3333333333333335, 1.3333333333333335, 1.714285714285714, 1.7714285714285711, 1.06, 1.4454545454545458, 1.0833333333333335, 1.9090909090909094, 1.3159090909090907, 1.3571428571428572, 1.0571428571428572, 1.4981818181818183, 1.2454545454545456, 1.1040196078431372, 1.1999999999999997, 1.6484839549855028, 1.1687499999999997, 2.2666666666666666, 1.3272727272727272, 1.8900735294117645, 1.8133333333333332, 1.5454469507101087, 4.553571428571427, 1.0666666666666667]
maxrange = 8.0
Figure saved:,  ./plots_MLA_history/hist_exp_hypre_history_convdiff_nmax100_nmin10_ntask30_nrun20_bestanytime.pdf
