Figure saved: ./plots_MLA_history/exp_hypre_history_Poisson_nmax100_nmin10_ntask30_nrun20_multistart5_iter_bestalltime.pdf
GPTune_meanset = [1.0, 1.0666666666666669, 1.15, 1.2799999999999998, 1.0333333333333334, 1.3, 1.0833333333333335, 1.3, 1.15, 1.0, 1.0699999999999998, 1.4888888888888892, 1.21, 1.0444444444444445, 1.35, 1.0, 1.0615384615384618, 1.1428571428571428, 1.0533333333333332, 1.2666666666666666, 1.1666666666666665, 1.0, 1.0222222222222221, 1.4133333333333336, 1.3263157894736843, 1.111111111111111, 1.0324324324324325, 1.0288461538461537, 1.0, 1.1625]
OpenTuner_meanset = [1.0, 1.3333333333333335, 1.05, 1.0, 3.6, 1.25, 1.2666666666666668, 1.25, 1.375, 1.4000000000000001, 1.0, 1.3555555555555556, 1.0, 2.6111111111111116, 1.25, 1.3, 1.2153846153846153, 1.0, 1.8666666666666667, 1.1666666666666665, 1.1166666666666667, 1.1933333333333331, 1.438888888888889, 1.0399999999999998, 1.7157894736842105, 1.1481481481481481, 1.7054054054054053, 2.1923076923076925, 1.2045454545454546, 1.1625]
HpBandster_meanset = [1.5, 1.3333333333333335, 1.0, 1.12, 1.1666666666666665, 2.0, 1.8333333333333333, 1.225, 1.125, 1.0, 1.1199999999999999, 1.2333333333333332, 1.4999999999999996, 2.2, 1.1875, 1.0083333333333335, 1.307692307692308, 1.1428571428571428, 1.02, 1.0, 1.2916666666666667, 1.9533333333333336, 1.1222222222222222, 1.6133333333333333, 1.5789473684210529, 1.8888888888888888, 1.0540540540540542, 1.3884615384615384, 2.1388888888888893, 1.0791666666666668]
maxrange = 3.75
Figure saved:,  ./plots_MLA_history/hist_exp_hypre_history_Poisson_nmax100_nmin10_ntask30_nrun20_multistart5_bestalltime.pdf
