Figure saved: ./plots_MLA_history/exp_hypre_history_Poisson_nmax100_nmin10_ntask30_nrun10_iter_bestanytime.pdf
GPTune_meanset = [1.6, 1.6666666666666667, 1.05, 1.0, 1.0, 1.65, 1.0, 1.4500000000000002, 2.1, 1.4444444444444446, 1.0, 1.0, 1.0, 1.0, 1.0, 1.25, 1.1428571428571428, 1.0, 1.2615384615384615, 1.08, 1.0153846153846153, 1.0, 1.0625, 1.0, 1.348148148148148, 1.0, 1.123076923076923, 1.0, 1.0, 1.377465613110916]
OpenTuner_meanset = [1.0, 1.0, 1.9, 1.52, 1.1, 1.85, 1.5555555555555558, 1.661111111111111, 3.5, 1.0, 1.25, 2.1999999999999997, 1.4000000000000004, 6.018983957219251, 1.151111111111111, 1.0, 1.0, 1.6923076923076923, 1.1466666666666667, 3.897142857142856, 1.0142857142857142, 1.178743961352657, 1.2885714285714285, 2.0494290023701787, 1.0, 2.687207207207207, 1.05, 2.195348837209303, 3.583142639206712, 1.4398009950248756]
HpBandster_meanset = [1.7, 1.3333333333333335, 1.0, 2.4, 1.6666666666666667, 1.0, 1.7111111111111115, 1.0, 1.0, 1.0, 2.3606060606060604, 1.4000000000000001, 1.2545454545454546, 1.6595365418894832, 1.5133333333333332, 1.0, 1.2857142857142856, 2.1076923076923073, 1.326153846153846, 1.2571428571428573, 1.3054945054945055, 1.1014492753623188, 1.2585714285714285, 2.0326653738418443, 1.222222222222222, 2.1315315315315315, 2.426923076923077, 1.1627906976744187, 1.6247139588100683, 1.0]
maxrange = 6.25
Figure saved:,  ./plots_MLA_history/hist_exp_hypre_history_Poisson_nmax100_nmin10_ntask30_nrun10_bestanytime.pdf
