Figure saved: ./plots_MLA_history/exp_hypre_history_convdiff_nmax100_nmin10_ntask30_nrun30_iter_bestanytime.pdf
GPTune_meanset = [1.0, 1.1555555555555557, 1.177777777777778, 1.84, 1.0, 1.0, 1.1222222222222222, 1.0380952380952382, 1.297222222222222, 1.177777777777778, 1.114285714285714, 1.2444444444444442, 1.0111111111111113, 1.2785714285714287, 1.188787878787879, 1.4545454545454541, 1.25, 1.0, 1.025, 1.0, 1.04, 1.05, 1.2371058364866416, 1.0041666666666667, 1.009090909090909, 1.1228070175438596, 1.7647894429496265, 1.406984126984127, 1.093939393939394, 1.3793103448275863]
OpenTuner_meanset = [2.533333333333333, 1.4444444444444444, 1.9666666666666666, 1.0, 1.0, 1.0333333333333334, 1.2888888888888892, 1.1600000000000001, 1.5314814814814817, 1.1644444444444444, 1.0333333333333332, 1.423611111111111, 1.161471861471861, 1.1857142857142855, 1.0615384615384615, 1.0, 2.6444444444444453, 1.5238095238095244, 1.0074074074074073, 2.405228758169934, 2.216666666666667, 1.3833333333333333, 1.0909941520467834, 1.100150829562594, 1.2647846889952155, 1.0503267973856207, 1.0210526315789472, 1.0, 1.2693602693602692, 1.0]
HpBandster_meanset = [1.8666666666666667, 1.1166666666666667, 1.0, 1.3222222222222224, 1.0, 1.25, 1.0380952380952382, 1.6952380952380954, 1.0148148148148148, 1.0533333333333332, 1.4999999999999996, 1.075, 1.317388167388167, 1.0, 1.2802331002331002, 1.0, 1.0, 1.0666666666666667, 1.366666666666667, 1.256470588235294, 1.2166666666666666, 1.0, 1.0152505446623092, 1.3901206636500758, 1.1147368421052635, 1.0643274853801168, 1.405584965758879, 1.4904761904761905, 1.1407407407407406, 1.3172413793103452]
maxrange = 2.75
Figure saved:,  ./plots_MLA_history/hist_exp_hypre_history_convdiff_nmax100_nmin10_ntask30_nrun30_bestanytime.pdf
